[gd_scene load_steps=8 format=3 uid="uid://d3tj3j7rq6blp"]

[ext_resource type="Script" path="res://scripts/level objects/level start/temple.gd" id="1_sd0wa"]
[ext_resource type="PackedScene" uid="uid://385mcfonrl8g" path="res://scenes/actors/Fella.tscn" id="2_r0hrm"]
[ext_resource type="Script" path="res://scripts/tools/climbable_zone.gd" id="5_wfvvu"]
[ext_resource type="PackedScene" uid="uid://g6qin1b8kg1e" path="res://scenes/tools/Interactive Objects/button_stand.tscn" id="6_gyy0o"]
[ext_resource type="PackedScene" uid="uid://bnklhtsh2y1pi" path="res://assets/models/levels/Pool/temple.glb" id="8_pfxv6"]
[ext_resource type="PackedScene" uid="uid://d3ejfrmj2okk1" path="res://scenes/tools/Interactive Objects/signpost.tscn" id="10_ik8nu"]

[sub_resource type="Environment" id="Environment_yanr4"]
background_energy_multiplier = 0.8
ambient_light_energy = 0.9

[node name="temple" type="Node3D"]
script = ExtResource("1_sd0wa")

[node name="Player" parent="." instance=ExtResource("2_r0hrm")]
transform = Transform3D(-4.37114e-08, 0, 1, 0, 1, 0, -1, 0, -4.37114e-08, -1.01126, 3.3435, -0.469791)

[node name="dynamicObj" type="Node3D" parent="."]

[node name="vine" type="Area3D" parent="dynamicObj"]
collision_layer = 128
collision_mask = 0
script = ExtResource("5_wfvvu")
meshes = Array[NodePath]([NodePath("../../temple/entry vines 1"), NodePath("../../temple/entry vines 2"), NodePath("../../temple/vines1"), NodePath("../../temple/vines2"), NodePath("../../temple/vines3"), NodePath("../../temple/vines5"), NodePath("../../temple/vines7"), NodePath("../../temple/vines8"), NodePath("../../temple/vines9"), NodePath("../../temple/vines10"), NodePath("../../temple/vines11"), NodePath("../../temple/vines12"), NodePath("../../temple/vines13")])

[node name="buttons" type="Node3D" parent="dynamicObj"]

[node name="ButtonStand2" parent="dynamicObj/buttons" instance=ExtResource("6_gyy0o")]
transform = Transform3D(-4.37114e-08, 0, 1, 0, 1, 0, -1, 0, -4.37114e-08, -60.9351, 34.0076, -6.80772)

[node name="Stand" parent="dynamicObj/buttons/ButtonStand2" index="0"]
surface_material_override/0 = null

[node name="Button" parent="dynamicObj/buttons/ButtonStand2" index="1"]
surface_material_override/0 = null

[node name="ButtonStand1" parent="dynamicObj/buttons" instance=ExtResource("6_gyy0o")]
transform = Transform3D(-0.806795, 0, 0.590831, 0, 1, 0, -0.590831, 0, -0.806795, -97.8118, 20.1979, 19.3834)

[node name="Stand" parent="dynamicObj/buttons/ButtonStand1" index="0"]
surface_material_override/0 = null

[node name="Button" parent="dynamicObj/buttons/ButtonStand1" index="1"]
surface_material_override/0 = null

[node name="ButtonStand3" parent="dynamicObj/buttons" instance=ExtResource("6_gyy0o")]
transform = Transform3D(-0.596295, 0, 0.802765, 0, 1, 0, -0.802765, 0, -0.596295, -11.5914, 22.0776, 11.6985)

[node name="Stand" parent="dynamicObj/buttons/ButtonStand3" index="0"]
surface_material_override/0 = null

[node name="Button" parent="dynamicObj/buttons/ButtonStand3" index="1"]
surface_material_override/0 = null

[node name="temple" parent="." instance=ExtResource("8_pfxv6")]

[node name="spinplat1-risingplat" parent="temple" index="64"]
transform = Transform3D(0.999991, 0, 0.00427604, 0, 1, 0, -0.00427604, 0, 0.999991, -31.364, 20, -41.9127)
button = NodePath("../spin button 1-spinbutton/SpinButton")
spinHeight = Vector3(0, 9, 0)
risingSpeed = 5.0
fallingSpeed = 0.2

[node name="spinplat3-risingplat" parent="temple" index="65"]
transform = Transform3D(1, 0, 0, 0, 1, 0, 0, 0, 1, -5, 23.57, -34)
button = NodePath("../spin button 3-spinbutton/SpinButton")
spinHeight = Vector3(0, 12.57, 0)
risingSpeed = 5.0
fallingSpeed = 0.25

[node name="spinplat4-risingplat" parent="temple" index="66"]
transform = Transform3D(1, 0, 0, 0, 1, 0, 0, 0, 1, -38, 29.795, -22)
button = NodePath("../spin button 2-spinbutton/SpinButton")
spinHeight = Vector3(0, 18.795, 0)
risingSpeed = 5.0
fallingSpeed = 0.25

[node name="CollisionShape3D" parent="temple/spin button 1-spinbutton/StaticBody3D" index="0"]
transform = Transform3D(1, 0, 0, 0, 1, 0, 0, 0, 1, 0, 0, -0.495871)

[node name="SpinButton" parent="temple/spin button 1-spinbutton" index="1"]
transform = Transform3D(1, 0, 0, 0, 1, 0, 0, 0, 1, 0, 0, -0.495871)

[node name="CollisionShape3D" parent="temple/spin button 2-spinbutton/StaticBody3D" index="0"]
transform = Transform3D(0.999963, 0, -0.00862182, 0, 1, 0, 0.00862182, 0, 0.999963, 0, 0, 0)

[node name="SpinButton" parent="temple/spin button 3-spinbutton" index="1"]
transform = Transform3D(1, 0, 0, 0, 1, 0, 0, 0, 1, 0, 0, -4.97443)

[node name="spinplat2-risingplat" parent="temple" index="70"]
transform = Transform3D(1, 0, 0, 0, 1, 0, 0, 0, 1, -16, 29, -22)
button = NodePath("../spin button 1-spinbutton/SpinButton")
spinHeight = Vector3(0, 18, 0)
risingSpeed = 4.0
fallingSpeed = 0.15

[node name="Signpost" parent="." instance=ExtResource("10_ik8nu")]
transform = Transform3D(0.139363, 0, 0.990241, 0, 1, 0, -0.990241, 0, 0.139363, -35.1918, 2, -0.113437)

[node name="WorldEnvironment" type="WorldEnvironment" parent="."]
environment = SubResource("Environment_yanr4")

[node name="Cinematic Cameras" type="Node" parent="."]

[node name="Camera3D" type="Camera3D" parent="Cinematic Cameras"]
transform = Transform3D(-0.811727, -0.285106, 0.509719, 0, 0.872752, 0.488164, -0.584037, 0.396256, -0.708436, -66.7372, 33.9436, -19.8977)

[node name="Camera3D2" type="Camera3D" parent="Cinematic Cameras"]
transform = Transform3D(0.608917, -0.544419, 0.576912, 0.175847, 0.801841, 0.571077, -0.773497, -0.24629, 0.583989, -62.6095, 39.0638, 12.7572)

[node name="Camera3D3" type="Camera3D" parent="Cinematic Cameras"]
transform = Transform3D(0.420011, -0.585777, 0.69315, 0.175847, 0.801841, 0.571077, -0.89032, -0.11797, 0.439789, -15.4559, 39.0638, 8.06724)

[connection signal="activate" from="dynamicObj/buttons/ButtonStand2/Area3D" to="temple/door2-risingdoor" method="_on_area_3d_activate"]
[connection signal="activate" from="dynamicObj/buttons/ButtonStand1/Area3D" to="temple/door1-risingdoor" method="_on_area_3d_activate"]
[connection signal="activate" from="dynamicObj/buttons/ButtonStand3/Area3D" to="temple/entry-risingdoor" method="_on_area_3d_activate"]

[editable path="dynamicObj/buttons/ButtonStand2"]
[editable path="dynamicObj/buttons/ButtonStand1"]
[editable path="dynamicObj/buttons/ButtonStand3"]
[editable path="temple"]
